1
404
426
448
459
481
459
448
426
404
426
448
459
481
459
448
426

2
404
426
448
459
481
459
448
426
404
426
448
459
481
503
525
536

3
481
503
525
536
558
536
525
503
481
503
525
536
558
536
525
503

4
481
503
525
536
558
536
525
503
481
503
525
536
558
580
591
613

5
580
558
580
591
613
591
580
558
536
558
580
591
613
591
580
558

6
536
558
580
591
613
591
580
558
536
558
580
591
613
635
657
668

7
657
690
668
657
635
613
602
580
558
536
525
503
481
470
448
470

8
481
503
525
536
558
580
602
613
477
807

9
217
239
261
272
294
272
261
239
217
239
261
272
294
272
261
239

10
217
239
261
272
294
272
261
239
217
239
261
272
294
316
327
349

11
272
294
316
327
349
327
316
294
272
294
316
327
349
327
316
294

12
272
294
316
327
349
327
316
294
272
261
239
217
195
184
162
140

13
371
393
404
426
448
459
481
503

393
404
426
448
459
481
503
525

14
371
393
404
426
448
459
481
503
426
448
470
481
503
525
536
558

15
448
459
481
503
525
536
558
580

525
558
613
591
580
558
536
525


16
536
558
580
591
613
635
657
668
532
807
