1
811
272
294
316
327
349
371
393
404
426
448
459
481
503
525
536

2
525
503
481
503
525
536
558
580
589
809
807

3
811
690
668
657
635
613
591
580

558
536
525
503
481
459
448
426


4
448
426
448
459
481
459
448
426
402
809
807


5
470
481
470
448
426
448
470
481
501
809
807


6
525
536
525
503
481
503
525
536
556
809
807

7
424
523
479
424
391
424
402
369


8
347
809
391
809
391
809
807

9
811
459
481
503
525
536
558
580
591
580
558
536
525
503
481
459

10
811
448
459
481
503
525
536
558
580
558
536
525
503
481
459
448

11
811
426
448
459
481
503
525
536
558
536
525
503
481
459
448
426

12
811
404
426
448
459
481
503
525
536
525
503
481
459
448
426
404

13
811
294
316
327
349
371
393
404

426
448
459
481
503
525
536
558


14
811
272
294
316
327
349
371
393

811
448
459
481
503
525
526
558


15
578
534
479
446
479
457
424
391


16
402
809
446
809
446
809
807
