1
424
446
468
479
501
523
501
479
468
446
424
391

2
424
446
468
479
501
523
501
479
468
446
424
391

3
424
468
446
424
468
446
424
468
446
424
446
468

4
479
501
479
468
479
468
446
ï8
ï4

5
501
523
545
556
578
600
578
556
545
523
501
490

6
501
523
545
556
578
600
578
556
545
523
501
490

7
501
523
545
556
578
600
611
600
633
611
600
578

8
556
633
600
556
633
600
556
ï4

9
677
710
688
677
656
633
611
655
633
611
600
578

10
600
633
611
600
578
556
600
633
611
600
578
556

11
545
578
556
545
523
501
479
523
501
479
468
446


12
468
501
479
468
446
424
468
501
479
468
446
424

13
468
446
424
468
446
424
468
446
424
501
479
468


14
446
479
468
446
479
468
446
479
468
446
479
523

15
501
490
523
501
479
468
479
468
501
479
468
446


16
556
633
600
556
633
600
556
ï4